51.4702
51.0738
50.301
50.1769
50.223
50.5798
50.95
51.4952
51.2872
51.2557
51.6463
51.7809
51.955
52.2507
52.5829
52.2468
52.6048
52.7966
52.153
52.1965
52.3883
51.7366
51.3483
51.0727
51.1342
51.3087
51.559
51.6328
51.7728
51.669
51.6221
51.6205
51.9081
52.3975
52.5679
52.5629
52.8316
52.9692
53.2072
53.2645
53.6609
53.8047
52.9504
52.0942
51.7316
51.6824
52.025
52.0631
52.088
51.9573
51.9458
51.8032
51.772
52.0565
52.331
52.3922
52.6286
52.7474
52.7962
53.02
53.2168
53.6413
53.827
53.2065
52.5775
52.1822
52.1046
52.416
52.0723
52.8193
52.7178
52.4802
52.6094
52.6528
52.9596
52.9739
52.6424
52.8181
52.9166
52.8439
53.0342
53.3737
53.0804
52.902
52.1103
51.451
51.1027
51.286
51.421
51.6651
51.7439
51.9785
51.9362
52.0127
51.9858
52.308
52.4414
52.6009
52.6697
52.5671
52.5763
53.0804
52.6782
52.7213
51.9481
51.2595
50.9973
50.9996
51.3714
51.396
51.519
51.4998
51.9058
51.6763
51.8939
51.9466
52.5571
52.3579
52.5721
52.9496
52.6817
52.7416
52.5479
52.6882
52.8239
52.0938
51.4652
51.0165
51.2065
51.4925
51.6936
51.782
51.6782
51.8439
51.6071
51.7001
52.0561
52.0484
52.1146
52.6286
52.6759
52.9304
53.0661
53.1396
53.1384
53.0519
52.4929
51.8112
51.5694
51.6755
51.812
52.1173
51.6774
51.8777
51.8889
51.8754
51.6982
51.882
52.0481
52.1511
52.2203
52.7243
52.7882
52.8112
52.9935
53.1988
52.2749
51.8205
51.4098
51.7001
52.04
52.2549
52.0119
52.3183
52.0907
51.9293
52.2122
52.3437
52.684
52.8908
52.9073
53.1315
53.3787
53.2787
53.5948
52.9604
52.0411
51.3841
51.2303
51.2038
51.4164
51.5471
51.6828
51.6694
51.684
51.481
51.9412
51.9266
52.1561
52.3456
52.6609
52.9842
52.8816
53.0738
53.0696
52.7416
51.8143
51.4368
51.4037
51.6105
51.797
51.634
51.7278
51.5659
51.574
51.7201
51.7693
52.1453
52.2876
52.8005
52.862
52.6313
52.7655
52.9546
53.0023
52.486
51.6967
51.2837
51.3725
51.714
51.7851
52.1349
52.1338
52.0015
51.8404
51.8527
52.0861
52.5367
52.6632
52.687
52.8374
52.9466
53.0596
52.9781
52.9523
52.4802
51.5306
51.4752
51.0707
51.4902
51.6098
51.8193
51.6059
51.4179
51.2799
51.4733
51.5452
52.05
52.1092
52.1692
52.7962
52.8378
52.9835
53.1515
52.6071
51.3702
50.995
50.9312
50.9262
50.9604
51.1892
51.2699
51.1546
51.6163
51.6086
51.5709
51.8324
51.9127
52.0496
52.0742
52.2153
52.346
52.5275
52.6371
52.2276
51.5325
50.5871
50.6078
50.8278
51.098
51.243
51.1726
51.1534
50.9885
51.0288
51.2172
51.2126
51.3264
51.6251
52.0892
52.0715
52.4629
52.6101
52.7274
52.3476
51.5617
51.108
51.1503
51.3203
51.4287
51.5406
51.5736
51.4195
51.6878
51.5044
51.6486
52.0065
52.035
52.025
52.1968
52.391
52.2088
52.6751
52.7509
52.1615
51.5448
51.1361
51.2234
51.4218
51.5613
51.8262
51.6997
51.5083
51.5602
51.6278
51.6594
51.9566
52.0911
52.4179
52.6128
52.6351
52.6363
52.4652
52.2522
51.6101
51.0627
51.3533
51.6201
51.6851
52.0446
51.9335
51.9143
51.887
51.8777
52.2395
52.105
52.2268
52.2876
52.4468
52.7051
52.7155
52.7432
52.06
51.4748
51.0077
50.7036
51.168
51.4314
51.504
51.6052
51.3168
51.4487
51.5075
51.6509
51.717
52.0281
52.0254
52.441
52.2403
52.1815
52.476
52.3303
51.6052
50.9558
50.7243
50.935
51.238
51.3652
51.6198
51.3076
51.2872
51.1073
51.2338
51.6282
51.8589
52.1392
52.13
52.1792
52.3041
52.5213
52.1749
51.5686
51.1665
51.0923
51.2238
51.351
51.4398
51.5213
51.3483
51.223
51.5729
51.6259
51.8424
52.1888
52.1849
52.3376
52.5963
52.832
52.7935
52.6505
51.6894
50.9193
50.9166
50.9246
51.2118
51.2284
51.401
51.5659
51.286
51.4214
51.5709
51.7686
52.1549
52.1965
52.1795
52.3095
52.5636
52.6348
52.782
52.5652
51.7059
50.8581
51.1188
51.0269
51.3283
51.5056
51.4248
51.6186
51.5575
51.5963
51.8489
52.0827
52.0185
52.3345
52.4987
52.5752
52.8089
52.8493
52.9877
53.1169
52.6817
51.4879
51.1369
51.2907
51.3899
51.5671
51.8185
51.8866
51.8874
51.6232
51.9004
52.0311
52.233
52.3991
52.6178
52.8493
52.7724
52.8674
52.8497
53.0869
53.3591
52.8554
52.0258
51.4637
51.2311
51.3191
51.6444
51.7309
52.0273
51.6636
51.7793
51.8385
51.7028
51.995
52.4118
52.6175
52.5175
52.5948
52.7743
52.8712
53.2438
53.1007
53.0815
52.5852
51.8128
51.6424
51.8155
52.4341
51.8774
52.7243
52.6582
52.436
52.2514
52.6709
52.7166
52.8716
53.2249
53.1649
53.4333
53.3749
53.5959
53.664
53.2042
52.8754
52.1438
51.2122
51.0338
51.2722
51.4029
51.5183
51.787
51.6032
51.6809
51.6809
51.8354
52.0054
52.3268
52.3187
52.3995
52.6044
52.6671
52.7762
52.7186
53.2176
53.0465
52.2595
51.747
50.9704
51.0242
51.3153
51.5052
51.6801
51.5371
51.4302
51.416
51.5921
51.544
51.8312
52.0215
52.0242
52.1296
52.4048
52.5213
52.4948
52.8908
52.9873
52.8727
52.2691
51.2941
51.1776
51.3437
51.7017
51.6767
51.7097
51.3595
51.2557
51.4514
51.7293
51.8654
52.2749
52.0454
52.519
52.481
52.4641
52.6913
52.6409
52.9573
52.7824
51.8897
51.3514
51.1169
51.2188
51.2557
51.526
51.6055
51.4956
51.3825
51.2011
51.4806
51.5263
51.88
52.6251
52.7332
52.8289
52.9254
53.0277
53.0546
53.4833
53.5344
52.7612
51.6159
51.5217
50.9073
51.2265
51.4814
51.6997
51.4641
51.897
52.1276
52.0765
52.4706
52.7709
52.9143
52.9946
53.2184
53.3191
53.4929
53.416
53.4898
53.2622
52.4302
51.5171
50.7724
50.8155
51.1611
51.2168
51.5156
51.8151
51.7251
51.8839
51.8731
51.9262
52.243
52.4195
52.7228
52.7443
52.6017
52.9631
53.1899
53.3791
52.9408
52.0227
51.4744
51.2368
51.1657
51.5659
51.6232
51.724
51.7666
51.8235
51.5782
51.5852
51.777
52.1349
52.0957
52.3106
52.3502
52.4929
52.7124
52.704
52.9097
52.9885
52.1499
51.1399
51.0338
51.0342
51.2095
51.5198
51.471
51.6371
51.3333
51.4637
51.3929
52.2822
52.4164
52.5509
52.6874
52.6778
52.8527
52.8181
53.268
53.1599
53.025
52.6824
51.7059
51.3291
50.7305
51.0773
51.3426
51.6474
51.4694
52.0404
52.0527
52.3975
52.4956
52.4614
52.6936
52.8558
53.2303
53.2172
53.2561
53.2907
53.3437
52.727
51.198
50.8416
50.8251
51.1872
51.4206
51.5217
51.5409
51.4268
51.8739
52.1284
52.2557
52.466
52.7043
52.5963
53.01
53.1465
52.9935
51.9831
51.371
51.2945
50.604
50.6847
50.9358
51.3491
51.2876
51.7232
51.5725
51.6524
52.1534
52.02
52.3018
52.1576
52.499
52.6655
52.7566
53.0008
51.9896
51.4406
51.0473
51.03
51.1588
51.3614
51.5586
51.4671
51.5671
51.421
51.3818
51.724
51.9358
51.9062
52.118
52.3572
52.6444
52.4975
52.8777
52.8789
52.105
51.2276
50.7697
50.8874
51.133
51.1784
51.4195
51.2199
51.1399
51.1103
51.2491
51.2507
51.4102
51.6301
51.7455
51.677
51.729
51.9339
52.1776
52.0434
51.248
50.5975
50.4852
50.4864
50.8658
51.0092
51.0919
50.7709
51.4491
51.3533
51.8047
51.7489
51.8662
52.1396
52.0142
52.0884
52.2514
52.4675
52.6751
52.1799
51.5067
50.2691
50.2557
50.3506
50.7082
51.5186
51.3872
51.4252
51.3902
51.3487
51.5102
51.639
51.7428
52.0038
52.0515
52.2668
52.2687
52.293
52.479
52.6713
51.7516
51.0588
50.7363
50.6951
51.0757
51.138
51.2703
51.2357
51.3295
51.1215
51.2092
51.489
51.6298
51.5913
51.8174
52.0069
51.8601
52.0627
52.2426
52.3299
52.2049
51.6547
50.9108
50.7032
50.7293
50.9235
51.1607
51.1945
51.3502
51.1234
51.1065
51.3018
51.5702
51.6148
51.6674
51.8101
51.9327
52.0354
52.0804
51.9531
52.1895
52.243
51.9462
51.0304
50.5125
50.6382
50.7424
50.8973
51.0381
50.9677
51.0923
50.8016
50.8993
51.1722
51.2953
51.4675
51.4821
51.6747
51.6282
51.7401
51.9319
52.2095
52.0661
51.7512
50.8889
50.4364
50.6025
50.922
51.2045
51.2672
51.2603
51.0688
51.2995
51.2964
51.4498
51.7024
51.8839
51.8247
52.105
52.2968
52.4406
52.5529
52.8062
52.8308
52.6351
51.7474
50.9319
50.7674
50.9769
51.1626
51.1073
51.2261
51.1965
51.1234
51.1438
50.9577
51.1619
51.4506
51.3845
51.6371
51.7116
51.6713
51.8993
52.2168
52.2388
52.4279
52.4229
51.6751
50.8139
50.3533
50.4487
50.6628
50.7912
50.8281
51.0711
50.9381
50.892
50.9677
51.0208
51.3564
51.6228
51.6671
51.7205
51.9935
52.0554
52.2088
52.3399
52.5344
52.2341
51.474
50.7824
50.2249
50.2722
50.5636
50.7363
50.8097
50.7762
50.8554
50.7966
50.8893
51.2414
51.3426
51.5148
51.5206
51.5917
51.8512
51.8174
52.1073
52.2634
52.506
52.3718
51.98
50.8274
50.4856
50.5829
50.8558
51.1665
51.3399
51.4118
51.3895
51.1722
51.3076
51.4564
51.519
51.7459
52.0496
52.2099
52.321
52.4264
52.5552
52.9396
52.7428
52.1649
51.366
50.9493
50.8351
50.416
50.6275
50.8255
51.3991
51.3618
51.3502
51.4364
51.4933
51.8016
52.1061
52.3891
52.692
52.5406
52.629
52.6363
52.9981
53.0069
52.8597
51.9266
50.5313
50.2384
50.3545
50.6405
50.6551
50.8674
51.4648
51.4452
51.3464
51.529
51.6936
51.7739
52.125
52.2672
52.3103
52.762
52.6028
52.9185
53.0104
53.1619
52.2714
51.3537
50.3629
50.3526
50.6028
51.0984
51.2115
51.1661
50.8685
51.6401
51.7216
51.8885
52.3306
52.3733
52.4744
52.6709
52.8847
52.9869
53.1745
53.4118
52.5652
51.7839
51.0623
50.7647
50.7159
51.1211
51.4998
51.416
51.5594
51.3253
51.2118
51.2872
51.4248
51.8266
51.8316
51.7593
51.9546
52.0238
52.3879
52.2964
52.5921
51.7366
51.1357
50.7509
50.7209
50.9915
51.128
51.3718
51.3775
51.2741
51.3449
51.3422
51.4475
51.6098
51.9308
51.9481
52.1276
52.5406
52.6013
52.7801
52.3203
51.4517
50.9765
50.4441
50.7116
50.9512
51.2307
51.3383
51.3456
51.1426
51.1123
51.1703
51.4079
51.5978
51.6951
52.0488
52.1115
52.2468
52.253
52.3887
52.3414
51.5125
50.7943
50.4779
50.6155
51.0219
51.1315
51.3007
51.1338
51.3145
51.2026
51.2826
51.4291
51.6894
51.7063
51.8697
52.1496
52.2422
52.466
52.6036
52.8478
51.8574
51.0965
50.4095
50.456
50.9327
51.1538
51.2276
51.2403
51.2226
51.1296
51.0296
51.3253
51.3837
51.5513
51.6259
51.6255
51.7628
51.7293
52.2168
51.9985
51.336
50.6109
50.2438
50.3253
50.5406
50.8462
51.0215
51.0192
50.8597
51.3641
51.4898
51.8401
52.1895
52.2526
52.5083
52.6963
52.5467
52.7743
52.9727
52.5244
50.9789
50.3429
50.2007
50.4621
50.6117
50.7828
50.8155
50.6025
50.6782
51.4095
51.5198
51.664
51.8724
52.0523
52.2068
52.1526
52.4121
52.486
52.6175
51.8216
51.0934
50.7624
50.9239
51.2407
51.4168
51.5867
51.4902
51.4237
51.3891
51.3933
51.5502
51.8697
52.0523
52.0065
52.1419
52.6474
52.5602
52.474
51.9412
51.1511
50.8389
50.1561
50.5025
51.4221
51.5063
51.5982
51.5136
51.3941
51.6155
51.5325
51.8747
51.9627
52.3556
52.4414
52.6832
52.7924
52.7528
52.12
51.3822
51.3103
50.6055
51.0754
51.3652
51.3775
51.3133
51.8032
51.9692
51.9246
52.1434
52.3945
52.5682
52.6613
52.9135
53.133
53.0538
52.3406
51.5905
51.0085
50.677
51.1684
51.3579
51.5502
51.6678
51.704
51.5221
51.456
51.5298
51.8028
51.7709
52.0292
52.0604
52.4164
52.5244
52.4337
52.476
52.0996
51.2661
50.9542
50.8712
51.3718
51.5398
51.5817
51.5986
51.3314
51.4483
51.7124
51.6486
51.895
52.105
52.3241
52.4268
52.7889
52.7643
52.2053
51.3879
50.9039
50.9558
51.1918
51.2364
51.5982
51.6413
51.5375
51.3918
51.4383
51.7489
51.887
51.9246
52.1423
52.1757
52.1742
52.5559
50.4833
50.689
50.9646
51.1861
51.2653
51.3018
51.1684
50.9804
51.3741
51.3372
51.2972
51.6886
51.8862
51.7551
52.0669
52.1934
52.276
51.9366
51.1672
50.4971
50.5429
50.8627
50.9719
51.2288
51.2115
51.1357
51.8189
51.8927
51.9862
52.4052
52.5959
52.6594
52.9
52.8954
53.0511
52.6017
52.8316
52.7374
51.8201
51.3233
51.406
51.7355
51.8239
52.1396
52.1046
52.0707
52.1169
52.436
52.3429
52.4829
52.8147
52.8785
53.0465
53.2042
53.6178
53.5475
53.7939
53.4379
52.9058
52.669
52.679
52.9889
53.1869
52.8839
53.0119
53.1092
53.2349
53.1984
53.1857
53.7574
54.035
54.178
54.4398
54.5263
54.4421
54.8205
54.91
54.489
53.6747
53.2734
52.9396
52.8639
53.2968
53.3141
53.4033
53.336
53.1053
53.5256
53.7651
53.8155
54.1284
54.2049
54.4022
54.6471
54.5752
54.9339
54.8589
54.4014
53.7228
53.1588
53.2414
53.4145
53.5886
53.6755
53.4264
53.6363
53.5217
53.7882
53.8943
54.1315
54.1638
54.2261
54.2795
54.4675
54.5717
54.8082
54.887
54.7339
54.0661
53.4302
52.8147
52.9393
52.9719
53.3441
53.4837
53.5552
53.3191
53.4133
53.3479
53.6705
53.8593
53.9769
54.1526
53.9258
54.1296
54.446
54.5625
54.6171
54.4179
53.8474
53.0254
52.6982
52.8297
52.9358
53.1488
53.3383
53.138
52.9031
53.2764
53.2595
53.6882
53.6782
54.1515
53.847
54.2241
54.1442
54.4037
54.4979
54.3545
53.5063
52.6017
52.5436
52.6997
52.7982
52.2445
52.9093
52.7359
52.6009
52.7924
52.8724
53.0142
53.376
53.1342
53.5256
53.6267
53.895
53.7263
54.0419
53.9608
53.5413
52.8128
52.1053
51.9612
52.4056
52.1984
52.4221
52.441
52.529
52.767
52.5825
52.9639
52.8278
53.2072
53.486
53.5425
53.6847
53.8066
54.123
54.188
54.1707
54.0188
53.0846
51.92
51.8443
51.6501
51.895
52.2207
52.5513
52.8131
52.514
52.4556
52.6436
52.6632
53.0292
52.8912
53.3299
53.361
53.5486
53.218
53.5402
53.8016
53.6501
53.0373
52.113
51.9373
52.0111
51.87
52.1788
52.3226
52.8043
52.5002
52.4441
52.4256
52.5963
52.8139
53.1019
53.1276
53.4348
53.4737
53.7908
53.6617
53.7709
53.6609
52.699
51.7724
51.9193
51.7562
51.92
52.2138
52.1103
52.3837
52.3556
52.6186
52.7013
52.9704
53.1346
53.09
53.2753
53.2441
53.5471
53.6059
54.0058
53.7885
52.9608
51.9085
51.5782
51.5782
51.6705
51.7632
52.4571
52.4198
52.0677
52.1707
52.143
52.3087
52.4937
52.7309
52.539
52.9189
53.2007
53.0408
53.2687
53.7339
53.5582
52.6747
52.0577
51.4664
51.6121
51.8162
51.8704
52.1084
52.1484
52.7001
52.5598
52.529
52.8343
53.1572
52.9516
53.5348
53.3114
53.4202
53.4998
53.7993
53.9389
53.5556
52.5656
52.11
51.9962
52.3941
52.8108
52.6917
52.3972
52.2265
52.3476
52.4667
52.6482
52.9489
53.0857
53.1715
53.2591
53.4806
53.8831
53.7124
53.2141
52.0777
51.5286
51.7943
51.887
52.3429
52.5336
52.3364
52.311
52.2957
52.3026
52.313
52.8454
52.9393
53.0354
53.1622
53.0915
53.466
53.4318
53.6917
53.3579
51.9877
51.5994
51.7382
51.7712
51.9689
52.2964
52.2753
52.0285
51.9742
52.1
52.1057
52.3602
52.7378
52.7674
52.722
52.8193
52.9992
53.2891
53.4414
52.8958
51.9673
51.3268
51.609
51.7455
51.8139
52.035
52
51.8858
51.8351
52.0334
52.1276
52.2441
52.4517
52.4906
52.8339
52.6386
53.0038
53.0838
53.1884
53.1257
52.1653
51.4121
51.2822
51.3683
51.6428
51.9654
52.0146
51.8923
51.7655
51.7197
51.8566
51.9715
52.3233
52.5902
52.2149
52.6328
52.7643
53.0111
52.9112
52.8016
51.9677
51.2884
50.9308
51.2111
51.4414
51.6609
51.8404
51.852
51.5775
51.7778
51.7505
51.8201
52.1046
52.2526
52.4514
52.4406
52.7382
52.6313
52.8328
52.6851
51.6413
51.0953
51.0119
51.0119
51.4241
51.3779
51.5471
51.3637
51.3076
51.4798
51.4464
51.6574
51.87
51.9516
52.0173
52.2611
52.3187
52.2884
52.7555
52.7559
52.3176
51.6113
50.9166
50.9662
51.0615
51.3891
51.3637
51.3868
51.1626
51.1872
51.341
51.6259
51.7182
51.7051
51.8604
52.0711
52.1661
52.3783
52.243
